#test
IP=121.43.126.49
#normal
#IP=120.26.79.84
#account
telAccount=2000027
6dAccount=2000027
30dAccount=2000027
60dAccount=2000027

#不同抽奖等级的概率
level0=0.249675
level1=0.332901
level2=0.416126
level3=0.000832
level4=0.000416
level5=0.000042
level6=0.000008
level7=0.000000
level8=0.000000

#不同等级对应的奖金数额
amount0=1000
amount1=3000
amount2=5000
amount3=8000
amount4=10000
amount5=20000
amount6=50000
amount7=80000
amount8=100000

#默认的奖金个数
defult_level0=2497
defult_level1=3329
defult_level2=4161
defult_level3=8
defult_level4=4
defult_level5=1
defult_level6=1
defult_level7=0
defult_level8=0

#当前奖金个数
level0_count=2497
level1_count=3329
level2_count=4161
level3_count=8
level4_count=4
level5_count=1
level6_count=1
level7_count=0
level8_count=0
